1	951220
1	951239
1	951283
1	951295
1	2304199
1	2304201
1	3430023
1	3430042
1	3430044
1	3430066
1	3430067
1	3430069
1	3430074
1	3430079
1	3430089
1	3430105
1	3430113
1	3430122
1	3430124
1	3430125
1	5107145
1	5107146
1	14308823
1	18984774
1	18984781
1	18984784
1	18984807
1	18984817
1	18984820
1	18984835
1	24746459
1	24746460
1	24746461
1	24746462
1	24746464
1	24746469
1	24746471
1	24746472
1	24746473
1	24746474
1	24746477
1	24746482
1	24746485
1	24746486
1	24746487
1	24746494
1	24746495
1	24746496
1	24746499
1	24746500
1	24746506
1	24746513
1	24746514
1	24746516
1	24746521
1	24746523
1	24746531
1	24746533
1	24746535
1	24746538
1	24746539
1	24746541
1	24746552
1	24746570
1	25062482
1	25062491
1	25062510
1	25062536
1	27059340
1	33019230
1	33019262
1	33019263
1	33019285
1	33019294
1	33019298
1	33019303
1	42650948
1	42650982
1	45385410
1	45385412
1	45385413
1	45385417
1	45385423
1	45385424
1	45385426
1	45385427
1	45385428
1	45385430
1	45385438
1	45385440
1	45385454
1	45385456
1	45385457
1	45385458
1	45385464
1	45385466
1	45385471
1	45385473
1	45385482
1	45385487
1	45385492
1	45385494
1	45385495
1	45385496
1	45385498
1	45385500
1	45385502
1	45385504
1	45385505
1	45385507
1	45385511
1	45385516
1	45385517
1	45385520
1	52657110
1	53826253
1	53826264
1	53826265
1	53826267
1	53826291
1	58163034
1	58163035
1	58163036
1	58163039
1	58163043
1	58163049
1	58163050
1	58163053
1	58163055
1	58163057
1	58163058
1	58163060
1	58163063
1	58163080
1	58163084
1	58163085
1	72436001
1	80882089
1	80882090
1	80882091
1	80882095
1	80882097
1	80882099
1	80882101
1	80882102
1	80882107
1	80882118
1	80882121
1	80882133
1	80882139
1	80882140
1	80882143
1	80882153
1	80882156
1	80882158
1	80882159
1	80882174
1	80882175
1	85090344
1	85090354
1	86241107
1	87347864
1	87347865
1	87347866
1	87347872
1	87347874
1	87347877
1	87347896
1	87347914
1	87347917
1	87347920
1	87347928
1	87347930
1	91540934
1	96881226
1	96881228
1	96881229
1	96881230
1	96881231
1	96881249
1	96881260
1	101985997
1	101986109
1	104380232
1	104828430
1	105713727
1	105713731
1	105713734
1	105713735
1	105713740
1	105713743
1	105713748
1	105713754
1	105713761
1	105713770
1	105713775
1	105713777
1	105713779
1	105713785
1	105713788
1	105713799
1	105713800
1	105713802
1	107181437
1	107181454
1	107181456
1	107181457
1	107181462
1	107181467
1	107181490
1	111844516
1	111844518
1	111844521
1	111844522
1	111844523
1	111844536
1	111844537
1	111844539
1	111844544
1	111844545
1	111844556
1	111844599
1	111844621
1	118095709
1	118095712
1	118095724
1	118095728
1	118095738
1	118095762
1	118095785
1	118095812
1	120539916
1	149860079
1	149860087
1	149860096
1	149860101
1	149860104
1	149860122
1	149860163
1	149860166
1	149860185
1	149860186
1	150379309
1	150894229
1	160997318
1	160997319
1	160997321
1	160997322
1	160997323
1	160997324
1	160997328
1	160997329
1	160997330
1	160997331
1	160997339
1	160997341
1	160997342
1	160997344
1	160997346
1	160997354
1	160997357
1	160997358
1	160997359
1	160997360
1	160997361
1	160997362
1	160997363
1	160997367
1	160997369
1	160997370
1	160997371
1	160997372
1	160997375
1	160997376
1	160997377
1	160997378
1	160997380
1	160997384
1	160997387
1	160997390
1	160997391
1	160997396
1	160997400
1	160997401
1	160997402
1	160997405
1	160997406
1	160997409
1	160997410
1	160997411
1	160997412
1	160997418
1	166211648
1	166211658
1	166211694
1	172166755
1	172166756
1	173126540
1	173126553
1	174316633
1	177885488
1	180987474
1	180987492
1	180987496
1	180987520
1	180987524
1	189314789
1	195830604
1	195830612
1	195830628
1	195830670
1	195830677
1	195830678
1	200467018
1	200467020
1	200467021
1	200467025
1	200467027
1	200467029
1	200467031
1	200467032
1	200467033
1	200467036
1	200467040
1	200467052
1	200467060
1	200467065
1	200467068
1	200467073
1	200467081
1	200467098
1	200467103
1	200467104
1	206682330
1	206682349
1	206682368
1	206682395
1	220035116
1	222662735
1	222662773
1	222662777
1	222665778
1	230527997
1	231554586
1	231554594
1	236123078
1	236123079
1	236123083
1	236123089
1	236123090
1	236123093
1	236123097
1	236123098
1	236123100
1	236123101
1	236123106
1	236123114
1	236123115
1	236123117
1	236123118
1	236123120
1	236123121
1	236123123
1	236123124
1	236123129
1	236123132
1	236123133
1	236123135
1	236123137
1	236123139
1	236123142
1	236123145
1	236123148
1	236123155
1	236123157
1	236123158
1	236123159
1	236123161
1	236123162
1	236123163
1	236123175
1	236123178
1	236462054
1	236462124
1	236462134
1	236462135
1	236462147
1	236462158
1	236462221
1	236462261
1	236462262
1	236462267
1	236462283
1	238209608
1	242429988
1	242430074
1	242430127
1	242430130
1	246233012
1	246233013
1	247812565
1	247812609
